Model: 
[22.767528024159489, 19.730043095680653, 17.735824186404827] Bladder
[17.099008764081631, 16.056586941335279, 15.613909461121766] Prostate
[15.674508898420081, 14.825344113564796, 13.81155647762567]	 Seminal Vesicles
[17.930814791711363, 16.501008638657897, 15.217960575361522]] Rectum



Bladder:
[12.093601947492735, 8.9453425458670939, 5.8623808204517038]
[32.865921802605811, 29.99368992549099, 25.258476439995345]
[64.179963387902447, 49.466977324878059, 34.139270330879953]
[12.954134148155175, 11.100419991629188, 8.6844586954455583]
[22.062684569426274, 19.892336563299949, 18.335695693580867]
[18.134883028004339, 15.563728524574568, 10.510799439547879]
[21.25545161476154, 20.087915325959038, 19.395016614390926]
[19.543638721152824, 17.136611755695494, 14.971579218467102]
[17.087729515064311, 10.69065772431706, 5.9435837003949077]

Prostate:
[7.6820982205384505, 5.4808821255706652, 4.1878232842372878]
[31.637370050780135, 28.760433861854381, 27.258806987696655]
[26.060412509417816, 21.857169941966411, 19.780505160030668]
[14.924292315597413, 13.027620401608269, 10.889844655572459]
[22.827312727301038, 20.442372321452808, 17.81253573685678]
[14.971151034162338, 13.998248086585692, 12.277996494807285]
[25.072232554808519, 22.828696408029959, 20.680185066512337]
[16.745250030095104, 14.703645470426713, 10.828995409773706]
[5.9290894503287754, 4.906325029836486, 3.9363149187214423]

Seminal Vesicles:
[7.2611823939975499, 5.3981896715473043, 3.7429510135720454]
[27.648257067216729, 26.368884980029019, 24.96812983328325]
[29.648362348281566, 28.526284004377437, 27.181789840010538]
[13.143576688633884, 8.8934724519841524, 5.4651236939341068]
[13.315870868779108, 9.437125929540203, 6.0494934854250388] 
[12.796396399518111, 9.9748779446166687, 5.6999534340203164]
[20.725110298246907, 16.875486740019117, 13.374268818612105]
[21.8866573531227, 20.232421251729633, 18.698035277803925]
[8.1667409809543994, 6.8156389370696555, 5.2442222933910791]

Rectum:
[10.56590051490643, 7.978638504155958, 5.9018124096186773]
[30.202698172852042, 24.906912986157074, 21.333702831679268]
[44.290381828720513, 38.603135837991196, 27.436675272614576]
[16.117680490368329, 10.143134977614165, 6.998390220393544]
[16.820375884670355, 11.652989255268366, 7.81442344890658]
[16.827056726323239, 13.086645071056218, 10.531434741781389]
[18.665022308513326, 16.56552926688731, 14.442858828154483]
[19.798970394098784, 15.933667591615556, 12.025657582518473]
[10.999491747358148, 8.544734739130293, 5.4138451150730162]